1 c8vjkA_.1.pdb 1 98 10 5037
2 c8vjkH_.2.pdb 1 98 10 5037
3 c9c1eB_.3.pdb 1 72 11 5037
4 c8tk8D_.4.pdb 1 22 12 5034
5 c8tk8A_.5.pdb 1 22 12 5034
6 c6mu2A_.6.pdb 1 22 7 5035
7 c6uqkA_.7.pdb 1 22 12 5028
8 c4jkqA_.8.pdb 1 71 10 533
9 c5xa0A_.9.pdb 1 20 12 2564
10 c5xa0B_.10.pdb 1 20 12 2564
11 c5xa1A_.11.pdb 1 20 12 2564
12 c5c30A_.12.pdb 0.999 98 861 1054
13 c4p9jA_.13.pdb 0.999 99 1067 1246
14 c6uheC_.14.pdb 1 71 851 1056
15 c6uhaA_.15.pdb 0.999 71 851 1056
16 c5c33A_.16.pdb 0.999 78 641 830
17 c4p9iA_.17.pdb 0.999 64 1071 1238
18 c6lt9A_.18.pdb 0.999 56 640 831
19 c3uj4B_.19.pdb 1 22 12 545
20 c3uj0A_.20.pdb 1 21 12 551
